
================================================================================
탈모 모델 평가 리포트
================================================================================

[모델 정보]
- 모델 타입: SIDE
- 디바이스: cpu
- 평가 날짜: 2025-10-14 12:42:24

[데이터셋 정보]
- 총 샘플 수: 1397개
- Level 0 (정상): 500개
- Level 1 (경미): 200개
- Level 2 (중등도): 197개
- Level 3 (심각): 500개

[전체 성능]
- 전체 정확도 (Overall Accuracy): 0.8361 (83.61%)
- 평균 신뢰도 (Average Confidence): 0.7105 (71.05%)

[클래스별 성능]
               precision    recall  f1-score   support

 Level 0 (정상)     0.8764    0.9360    0.9052       500
 Level 1 (경미)     0.7174    0.6600    0.6875       200
Level 2 (중등도)     0.6429    0.8223    0.7216       197
 Level 3 (심각)     0.9508    0.8120    0.8759       500

     accuracy                         0.8361      1397
    macro avg     0.7969    0.8076    0.7976      1397
 weighted avg     0.8473    0.8361    0.8377      1397


[Confusion Matrix]
실제 \ 예측  │  Level 0  │  Level 1  │  Level 2  │  Level 3  │
─────────────┼───────────┼───────────┼───────────┼───────────┤
Level 0      │     468   │      27   │       0   │       5   │
Level 1      │       4   │     132   │      63   │       1   │
Level 2      │       0   │      20   │     162   │      15   │
Level 3      │      62   │       5   │      27   │     406   │

[Normalized Confusion Matrix (비율)]
실제 \ 예측  │  Level 0  │  Level 1  │  Level 2  │  Level 3  │
─────────────┼───────────┼───────────┼───────────┼───────────┤
Level 0      │  93.60%   │   5.40%   │   0.00%   │   1.00%   │
Level 1      │   2.00%   │  66.00%   │  31.50%   │   0.50%   │
Level 2      │   0.00%   │  10.15%   │  82.23%   │   7.61%   │
Level 3      │  12.40%   │   1.00%   │   5.40%   │  81.20%   │

================================================================================
